<?xml version="1.0"?>
<opencv_storage>
<calibration_time>"Pzt 16 May 2016 13:01:50 EEST"</calibration_time>
<nr_of_frames>25</nr_of_frames>
<image_width>640</image_width>
<image_height>480</image_height>
<board_width>9</board_width>
<board_height>6</board_height>
<square_size>50.</square_size>
<fix_aspect_ratio>1.</fix_aspect_ratio>
<!-- flags: +fix_aspectRatio +fix_principal_point +zero_tangent_dist -->
<flags>6158</flags>
<fisheye_model>0</fisheye_model>
<camera_matrix type_id="opencv-matrix">
  <rows>3</rows>
  <cols>3</cols>
  <dt>d</dt>
  <data>
    7.3758202244406880e+02 0. 3.1950000000000000e+02 0.
    7.3758202244406880e+02 2.3950000000000000e+02 0. 0. 1.</data></camera_matrix>
<distortion_coefficients type_id="opencv-matrix">
  <rows>5</rows>
  <cols>1</cols>
  <dt>d</dt>
  <data>
    -8.9847352704923680e-02 -4.4255826948564172e+00 0. 0.
    1.4910246726931002e+01</data></distortion_coefficients>
<avg_reprojection_error>1.6872562632826871e+00</avg_reprojection_error>
<per_view_reprojection_errors type_id="opencv-matrix">
  <rows>25</rows>
  <cols>1</cols>
  <dt>f</dt>
  <data>
    4.53653842e-01 2.38119453e-01 2.31806129e-01 2.10144803e-01
    2.90802032e-01 7.16468990e-01 6.36047244e-01 4.01313782e-01
    3.11651170e-01 5.89204073e-01 3.84280252e+00 3.90823674e+00
    3.76969385e+00 3.92293310e+00 2.27197027e+00 1.41916478e+00
    5.23253441e-01 4.97351944e-01 2.61173666e-01 3.02190423e-01
    3.31631511e-01 6.54403985e-01 5.16273439e-01 8.17629039e-01
    4.81011331e-01</data></per_view_reprojection_errors>
<extrinsic_parameters type_id="opencv-matrix">
  <rows>25</rows>
  <cols>6</cols>
  <dt>d</dt>
  <data>
    2.4043383212383262e-01 -3.4572177527784864e-01
    -1.3881148918559818e+00 -3.3628971929580098e+02
    -1.6100088594341378e+02 1.6564779857139638e+03
    1.7990873796928408e-01 -3.3043426494768469e-01
    -1.2216030227146075e+00 -4.7583018836887624e+02
    -3.8758405367620334e+01 1.6458690869389607e+03
    1.3507303803168594e-01 -3.4111079210064482e-01
    -1.1987776076746408e+00 -5.0169314117626737e+02
    -1.2716578984748937e+01 1.6453876853176757e+03
    1.2164381383067668e-01 -3.1314967929394449e-01
    -1.1952814215815997e+00 -5.0245677736487198e+02
    -9.2078541906394431e+00 1.6575130435965116e+03
    1.5433119832224174e-01 -3.9446325701741713e-01
    -1.1986033532920506e+00 -4.8461158033786950e+02
    -4.1646701087399824e+00 1.6193553222982814e+03
    2.0676977601980975e-01 -4.6829958095993934e-01
    -1.4144798686809303e+00 -2.7153127801999506e+02
    1.1714719679648616e+02 1.5478814529484416e+03 2.7759588515593164e-01
    -3.8440072089662813e-01 -1.5410651449244748e+00
    -8.7478379460483509e+01 2.1835452781078499e+02
    1.5972274505618329e+03 4.5346863054912728e-01
    -2.8058580643834702e-01 -1.6288229111076526e+00
    1.8257000464769308e+02 3.5567112382557860e+02 1.7600077502571946e+03
    4.8406830079569180e-01 -2.4419748662631524e-01
    -1.6799165652473982e+00 2.8974889227404276e+02
    3.9436138057390440e+02 1.8171956620063304e+03 4.7320553057916243e-01
    -1.9461481230413558e-01 -1.7234360068590795e+00
    3.7508941714407456e+02 4.1904687014153325e+02 1.8707321775684393e+03
    4.8985203446158015e-01 -1.7544447969294300e-01
    -1.9035549151284470e+00 5.6538758909155740e+02
    4.1742015310650993e+02 1.9997576792869927e+03 5.7439251025573967e-01
    -2.8569046392336683e-01 -1.9433903270358308e+00
    4.7902553631074534e+02 2.0346363934723416e+02 2.0697039420748733e+03
    5.3937498983927301e-01 -3.7969470691212120e-01
    -2.0618456700574428e+00 4.6899503503733513e+02
    -1.2487818841885009e+01 2.0243252541095762e+03
    5.5199939995547997e-01 -3.9213572051550777e-01
    -2.0481509132440001e+00 4.4940052449845678e+02
    -3.3216968297696788e+01 2.0004139407522559e+03
    5.1743623890731805e-01 -3.9563768907924479e-01
    -2.0160660320009334e+00 3.6238820415281060e+02
    -8.2786439245699455e+01 1.9512416336665035e+03
    4.9269571619063224e-01 -3.7199284122930293e-01
    -2.0186787276838674e+00 3.2204032735986590e+02
    -1.0103254566547918e+02 1.9419528526498648e+03
    4.7182089432952290e-01 -3.5835988914734918e-01
    -1.9952078705205833e+00 2.8254131803384752e+02
    -9.5170842794434876e+01 1.9182040288321161e+03
    4.8104865865574992e-01 -3.8681704893974250e-01
    -1.9590855506206357e+00 2.3750185038268307e+02
    -5.7396070050794123e+01 1.8664880850497316e+03
    5.0424165459585579e-01 -3.8691948646224911e-01
    -1.9431684641082529e+00 2.5204596444877475e+02
    5.5137677436054751e+01 1.8257496712859042e+03 5.5141784670326255e-01
    -3.8566141970248263e-01 -1.8976346161846345e+00
    2.9321794170514488e+02 2.3593650043491982e+02 1.8123041423881875e+03
    5.6173514750100173e-01 -3.8667855694614667e-01
    -1.9039923109481403e+00 3.1925009162286023e+02
    2.6187024277434762e+02 1.8152356529902797e+03 5.7669910279959136e-01
    -3.7471720082646554e-01 -1.9074012143700443e+00
    3.4373709060374188e+02 2.8847698620524568e+02 1.8248156497423738e+03
    4.3387390562552275e-01 -5.4352413517161587e-02
    -1.7989660458757470e+00 3.7813333020233284e+02
    4.6630977508415083e+02 1.8900169312899200e+03
    -1.1719811478754684e-01 -3.5858985543570904e-01
    -1.8557857009173269e+00 4.8045591060909928e+01
    -1.4000611431426776e+02 1.6392179977006133e+03
    3.8499703408213459e-01 -4.8569289160746426e-01
    -1.7600301435458503e+00 -1.5647215943933921e+02
    -4.1644668991444647e+01 1.4342291548833648e+03</data></extrinsic_parameters>
