<?xml version="1.0"?>
<opencv_storage>
<calibration_time>"Pzt 16 May 2016 17:17:26 EEST"</calibration_time>
<nr_of_frames>25</nr_of_frames>
<image_width>640</image_width>
<image_height>480</image_height>
<board_width>9</board_width>
<board_height>6</board_height>
<square_size>50.</square_size>
<fix_aspect_ratio>1.</fix_aspect_ratio>
<!-- flags: +fix_aspectRatio +fix_principal_point +zero_tangent_dist -->
<flags>6158</flags>
<fisheye_model>0</fisheye_model>
<camera_matrix type_id="opencv-matrix">
  <rows>3</rows>
  <cols>3</cols>
  <dt>d</dt>
  <data>
    1.6336860861846401e+03 0. 3.1950000000000000e+02 0.
    1.6336860861846401e+03 2.3950000000000000e+02 0. 0. 1.</data></camera_matrix>
<distortion_coefficients type_id="opencv-matrix">
  <rows>5</rows>
  <cols>1</cols>
  <dt>d</dt>
  <data>
    -2.0047825838752624e+00 -1.2897780262083566e+01 0. 0.
    7.2943150808481232e+02</data></distortion_coefficients>
<avg_reprojection_error>1.3730556819498034e+00</avg_reprojection_error>
<per_view_reprojection_errors type_id="opencv-matrix">
  <rows>25</rows>
  <cols>1</cols>
  <dt>f</dt>
  <data>
    7.09847450e-01 6.16575897e-01 5.63667297e-01 9.28117752e-01
    4.20029551e-01 4.53670651e-01 6.69928670e-01 5.42579234e-01
    5.84715724e-01 6.40881896e-01 6.27201855e-01 2.11768866e+00
    3.05587482e+00 4.00715876e+00 3.26475906e+00 3.11423898e-01
    3.66448343e-01 4.18155700e-01 4.19530064e-01 3.77459228e-01
    8.14633906e-01 6.08557999e-01 4.26281005e-01 3.76348168e-01
    4.20183212e-01</data></per_view_reprojection_errors>
<extrinsic_parameters type_id="opencv-matrix">
  <rows>25</rows>
  <cols>6</cols>
  <dt>d</dt>
  <data>
    -6.2629996168567140e-02 -2.6548924204637925e-01
    -1.0394528152822755e+00 -6.1492652483305153e+02
    1.3637669149647732e+02 3.6189247834186090e+03
    -8.1834838074397773e-02 -2.5647947296150048e-01
    -1.0483654031323324e+00 -6.1878820375450925e+02
    1.3957557435277226e+02 3.6262609786162661e+03
    -9.2197809335924100e-02 -2.4627641357511615e-01
    -1.0534124207227973e+00 -6.2323058865508585e+02
    1.4285474226469682e+02 3.6307708186487216e+03 1.9225980398733739e-01
    -4.8033828771528120e-02 -1.0224347340561994e+00
    -6.4506306535773524e+02 1.4246961348975665e+02
    3.6941079864635135e+03 -8.7859880436019555e-02
    -3.1063057524544319e-01 -1.0248451136041437e+00
    -6.1816066738807308e+02 1.3130227313681601e+02
    3.5805647513688509e+03 -3.7506234812868154e-02
    -3.5082553026480984e-01 -1.1196296144287026e+00
    -4.8346460787236708e+02 1.8910873051907660e+02
    3.5126002870758330e+03 6.5939069033179157e-02
    -3.5491373393166231e-01 -1.2854339207426624e+00
    -2.7359696669799683e+02 2.8960762630861774e+02
    3.5764567011329741e+03 2.0590615850691965e-01
    -2.4940961462428135e-01 -1.3036099765848470e+00
    -1.5749058918558910e+02 3.3455626419936459e+02
    3.7746678008348854e+03 2.8162378184682813e-01
    -3.5431963329730570e-01 -1.3963514704840718e+00
    1.2879212390971310e+02 3.6031672376511125e+02 3.9328345885176286e+03
    3.5248294047813988e-01 -3.9123148855291157e-01
    -1.4724965881845236e+00 2.7798254470063495e+02
    3.7710651344659789e+02 4.0328315051606755e+03 3.6700379310330417e-01
    -3.7795535318455298e-01 -1.5069444678359254e+00
    3.2371879706882208e+02 3.8686583026118285e+02 4.0792705676406226e+03
    3.6346109342454352e-01 -3.0007408160145171e-01
    -1.6933166331544482e+00 5.0303859805843780e+02
    1.9670371411213338e+02 4.4858289996990925e+03 4.0048418996573182e-01
    -4.2572072630868008e-01 -1.7595242532683391e+00
    4.6915171192829200e+02 2.5038252824309385e+01 4.4839115917001609e+03
    4.2270679288711804e-01 -5.3001599376469610e-01
    -1.6892368893510601e+00 4.2556762554580854e+02
    2.7499136755733655e+01 4.2909134120601702e+03 4.2875451568371081e-01
    -4.2332271354827355e-01 -1.7450517881640246e+00
    4.3960045748183921e+02 5.4854998905711831e+01 4.3820288579496982e+03
    3.2147757878468297e-01 -2.5922860246820334e-01
    -1.7335027698064729e+00 3.9403648674300496e+02
    3.5941394938580729e+01 4.3983253545151283e+03 3.1262076014161772e-01
    -3.6176078088955738e-01 -1.6654034537956770e+00
    3.0803535014607161e+02 -3.2547931831131415e+01
    4.3711530032899464e+03 2.9621250632605023e-01
    -4.0681836270250482e-01 -1.6469576349366484e+00
    2.8215544896771843e+02 -5.4221828027099114e+01
    4.3452440374460402e+03 2.9973714028382725e-01
    -4.8536785561872114e-01 -1.6376414963864259e+00
    2.7712993590916494e+02 -4.4866758902344536e+01
    4.1596371584734097e+03 3.6757412053792132e-01
    -4.6632048963194556e-01 -1.5500542675016400e+00
    3.2224771228639077e+02 9.6976875174016300e+01 3.9865592237905366e+03
    4.3930352238352194e-01 -4.7344750848685413e-01
    -1.5313231978885131e+00 3.6955012564720187e+02
    2.2805282029001043e+02 3.9893281023201798e+03 5.0386227380733284e-01
    -3.0008434782496324e-01 -1.4218388195120086e+00
    2.4027073988393420e+02 4.2204524188176919e+02 4.0830849862111982e+03
    3.9037562432745837e-01 -2.3240231672350001e-01
    -1.2999422809636663e+00 6.9248242688176475e+01
    3.3432546619312365e+02 3.9645178516279070e+03 3.2540363725448601e-01
    -1.2798945204473165e-02 -1.3079597589117398e+00
    3.0396666882468828e+01 2.6983916778966181e+02 4.0595070611239494e+03
    2.6494768192400003e-01 -1.1462644860193141e-01
    -1.3205524667769868e+00 7.1623824091376477e+01
    2.1260511790970776e+02 4.0243651496759876e+03</data></extrinsic_parameters>
